weight,length,width,area,perimeter,solidity,convex_hull_area,equivalent_diameter,feret_diameter,aspect_ratio,circularity
340.0,0.7354085603112841,0.14990859232175505,0.4548411516608573,0.42565845995425505,0.3788707059069454,0.4740587317349979,0.558687995242655,0.5351857388600921,0.020898856272583394,0.5380979073507478
340.0,0.7354085603112841,0.14990859232175505,0.4561222537414004,0.4250821182590326,0.3852256809966512,0.474177897574124,0.5599081487877103,0.5357021077358995,0.020898856272583394,0.5426560233578693
340.0,0.1556420233463035,0.6928702010968921,0.45645500752855445,0.43295311990852475,0.38842681699934056,0.47392821676833596,0.5602248765164942,0.5357021077358995,0.7702690596350823,0.5191222251305855
325.0,0.1653696498054475,0.6764168190127972,0.4150687552512707,0.3979990696511995,0.3183623207127839,0.44505036175344015,0.5201945267060802,0.5145818289646223,0.7269146559202838,0.5369361720791185
325.0,0.1634241245136187,0.6764168190127972,0.40966982505469635,0.3854474195885456,0.38720654728172654,0.4277996878989927,0.5148741811774632,0.5140128432413306,0.7320636481206254,0.5652713538348036
325.0,0.1653696498054475,0.6764168190127972,0.41106739096074335,0.39504744308926015,0.34578616874903556,0.4362434387856433,0.5162536610798553,0.5145818289646223,0.7269146559202838,0.5371985258161508
375.0,0.15953307392996108,0.8043875685557588,0.6071758354199768,0.5020871150557866,0.6488285419486135,0.5691814441764789,0.6962514004100434,0.6955871828529453,0.8725448410102156,0.606882915857666
375.0,0.16147859922178986,0.8043875685557588,0.5850893027976274,0.5111807214159958,0.5348038945063927,0.5708894878706199,0.677166534719076,0.6955871828529453,0.8664230799241304,0.5401602295977995
375.0,0.14007782101167315,0.7989031078610603,0.5312996531041769,0.5278776386278448,0.4737595043280183,0.5312526599517662,0.6295304116014949,0.6865289045537072,0.932481261385015,0.40018874083282696
800.0,0.9708171206225682,0.27605118829981723,0.9096573467876781,0.6546287462441784,0.5203860555476809,0.8838133068520357,0.9351867371507109,0.8629125812796575,0.034851384155819246,0.6522452965690141
800.0,0.9708171206225682,0.27605118829981723,0.9123526524636258,0.652323383775882,0.5361780469219641,0.88190097886225,0.9371578212854429,0.8621208145829701,0.034851384155819246,0.6621668923062406
800.0,0.2918287937743191,0.9213893967093236,0.9191325108768895,0.657819101553871,0.5335375103538005,0.8891020002837282,0.9421054059337078,0.8736286612882364,0.6643384806851226,0.656672096744097
740.0,1.0,0.2705667276051188,1.0,0.7173001128122507,0.5421285226873538,0.9634558093346575,0.9999999999999999,0.9242016919350232,0.030541524391667033,0.608606340532731
740.0,0.2840466926070039,0.9414990859232175,0.9623405901388415,0.6916084742692536,0.4309408179395402,0.9614640374521208,0.973290065905536,0.9242016919350232,0.6923579545999364,0.6256029867518377
740.0,0.972762645914397,0.26691042047532,0.9241654119075944,0.6699921789842103,0.40789381994543783,0.9311221449851044,0.9457684582347593,0.8842868336536193,0.03215734902658185,0.6312664353429035
675.0,0.22178988326848248,0.882998171846435,0.7720220615760882,0.5991651537288818,0.6550979465931066,0.7199319052347851,0.8311357329859342,0.8156981557488957,0.7754073077949363,0.6036039454493284
675.0,0.22178988326848248,0.8756855575868374,0.7729537721801196,0.595229653774948,0.6692470264166972,0.7175145410696553,0.831864059223344,0.8073494667845887,0.7692575934618826,0.6158322068625991
675.0,0.2198443579766537,0.8738574040219378,0.7638529561014566,0.590479082631628,0.6661948831093039,0.7098538799829763,0.8247348479229478,0.8016520009138616,0.772282588079763,0.6149949608027349
780.0,0.9844357976653697,0.20658135283363802,0.7847415750900515,0.6349512400885531,0.3471009923039645,0.8103958008228117,0.8410487095932632,0.886816027679518,0.014704668226878922,0.5286595392200591
780.0,0.2587548638132296,0.9360146252285193,0.9144573201673751,0.6812343370247671,0.4633711664229012,0.9049510568875019,0.9386953087517732,0.901512738375991,0.7369190956519711,0.589610636775774
780.0,0.9941634241245136,0.2449725776965265,0.9161210891031453,0.6761051978105292,0.46023040434551454,0.9074932614555256,0.9399096856417527,0.9018571146263122,0.024224448790219455,0.6047890184630936
735.0,0.2490272373540856,0.8884826325411335,0.8458767646349274,0.6563697658130816,0.49562579759128544,0.8295758263583488,0.8878241243044672,0.8358691745487209,0.720075253083286,0.5602042756443154
735.0,0.9571984435797667,0.23583180987202926,0.8725303429859661,0.6582965565613428,0.5183100948050634,0.848920414243155,0.907787797580533,0.8472220152858577,0.02507673666948558,0.5917610914388473
735.0,0.2509727626459144,0.9177330895795248,0.8973121812842633,0.6726181894870162,0.535952266446508,0.867657823804795,0.9261279086091166,0.8705464361522285,0.7388761689209757,0.5886747107339786
675.0,0.25486381322957197,0.8884826325411335,0.780864993469707,0.6288671834782023,0.31660041035765163,0.8150262448574266,0.838034314555215,0.8275966849527666,0.7083057449983162,0.5384673301173871
675.0,0.933852140077821,0.23948811700182818,0.7469740202480679,0.6295833676480997,0.2631784673200044,0.7955227691871187,0.8114227894627356,0.8139292401912489,0.028317283410434407,0.4879520643215022
675.0,0.9416342412451362,0.24131627056672764,0.7860226771705945,0.6259854819685868,0.33732104705828325,0.8144077174067244,0.8420435767124684,0.8247933604375527,0.028078758362796427,0.5532734998374037
605.0,0.8852140077821011,0.2120658135283364,0.7295210841118385,0.6049575256817743,0.4602711700800919,0.7263101149099163,0.7975325142323578,0.7656213685966115,0.025142159162390404,0.5240468489036932
605.0,0.8813229571984436,0.21023765996343693,0.7134407573476196,0.5953864616601896,0.429135362912763,0.718297630869627,0.784618625609878,0.7580644119741441,0.024984023650969023,0.5243656244415565
605.0,0.22178988326848248,0.8336380255941499,0.7342545067341046,0.5922660309052141,0.49180626241225855,0.723166406582494,0.8013125159560807,0.7642983987246262,0.7338967360468241,0.5645129896339219
680.0,0.9280155642023347,0.26142595978062155,0.7899158964802968,0.600824255586784,0.5378687694762303,0.7650163143708327,0.8450629746491584,0.8028612872648987,0.03513964557814704,0.6261818212361524
680.0,0.9280155642023347,0.26325411334552107,0.8014790905838998,0.593867205428473,0.5525856180214523,0.772279755993758,0.8539959674009553,0.8028612872648987,0.03566052302165704,0.6633601844541474
680.0,0.2801556420233463,0.8738574040219378,0.7972531174870434,0.5987166618496575,0.528894917541956,0.7742715278762945,0.8507372643829173,0.8025513690644343,0.6504912354047838,0.6431858341751796
665.0,0.8871595330739299,0.20840950639853748,0.6373233285361328,0.5510831124600906,0.391104814160784,0.6524329692154915,0.7218845228846845,0.7493904822131924,0.023866792269455983,0.5200729384681976
665.0,0.8929961089494165,0.21389396709323585,0.6707734029897927,0.590985502260168,0.4438011662158088,0.6730883813306852,0.7497906319782129,0.7569855319315456,0.024916322195357346,0.47004212206913765
665.0,0.2256809338521401,0.8409506398537477,0.6744752888718815,0.5670638445068281,0.47028631594627024,0.6705518513264292,0.7528457356329555,0.7573786605151102,0.731361614446762,0.5379219985951037
600.0,0.18482490272373542,0.8263254113345522,0.671147751000341,0.5297754679894828,0.745452616823433,0.6085742658533125,0.7500998702017451,0.7271686298661201,0.8192286254975341,0.6380032807574151
600.0,0.18287937743190663,0.8281535648994516,0.6766381884883828,0.5316443342228736,0.7559986124745968,0.6114172223010356,0.7546277437730621,0.7302610836699236,0.8263462066380012,0.6419281807376557
600.0,0.8793774319066148,0.17184643510054845,0.6733522448402365,0.5318131395769927,0.7463908740487901,0.6103731025677401,0.7519195918074105,0.7289038870594978,0.013717069652413816,0.635747036563917
660.0,0.29961089494163423,0.8756855575868374,0.7516824863362976,0.6216954019149925,0.4756781675939479,0.7439580082281174,0.8151481202526379,0.8070864143017077,0.6195964039406653,0.5143238845245605
660.0,0.29766536964980544,0.8738574040219378,0.7485046876689765,0.6203039916013531,0.4798398276265101,0.7398496240601504,0.8126348662120589,0.803742040279685,0.6214184608952728,0.513182657338687
660.0,0.29571984435797666,0.8738574040219378,0.7460090342653212,0.6250545618323939,0.4700103384987653,0.7398836714427578,0.8106581500070381,0.8066955846137999,0.6245334010212918,0.4977040236255169
550.0,0.8929961089494165,0.21023765996343693,0.7251370529660841,0.5764081760055193,0.7438850970456157,0.657534402042843,0.7940229233776731,0.7505039593735988,0.023839253583353606,0.5934345439488958
550.0,0.8949416342412453,0.2120658135283364,0.7332562453726426,0.5769845176178074,0.7596746796421177,0.6615009221166123,0.8005161267566742,0.7536067427271506,0.024188491056230776,0.6046948291280866
550.0,0.22373540856031127,0.8427787934186473,0.7391792627839846,0.6114900758300392,0.7863749148861747,0.6611774719818414,0.8052351493582331,0.7545188892067459,0.7372100179669051,0.5217569109005463
600.0,0.8015564202334631,0.1956124314442413,0.5764959362443745,0.47080087287639466,0.663493462139634,0.5381359058022415,0.6696685064369342,0.6148736356431869,0.02883961137503216,0.6456046190851962
600.0,0.20428015564202334,0.7550274223034735,0.5742831235598,0.4495921138495203,0.671070008943635,0.5347084692864236,0.667731027634272,0.6151211896221543,0.7056236849817258,0.7109800145446178
600.0,0.8035019455252919,0.1956124314442413,0.5771531249740036,0.4681868607547453,0.6613610829244085,0.5391346290253937,0.6702433904346449,0.6172105099165105,0.02862277067666509,0.6552606143210659
495.0,0.867704280155642,0.19195612431444245,0.5800979959903168,0.5100689990373479,0.7412678608953414,0.5273088381330685,0.6728164685482193,0.7087219746262882,0.020832610315096048,0.5343217527140484
495.0,0.20233463035019456,0.8190127970749543,0.600462527764144,0.5058947703356609,0.8236236404068165,0.5309178606894595,0.6904784329580876,0.7113636505172946,0.7669339798076321,0.5832875273409569
495.0,0.20428015564202334,0.8190127970749543,0.5970850768245306,0.5104066116530792,0.7950644206857054,0.5329607036459072,0.6875648986459323,0.710865636989643,0.7621697871119225,0.5639933233497348
550.0,0.23735408560311283,0.7385740402193784,0.5135971516275819,0.4158317038477128,0.6032423643519862,0.4906625053199035,0.6134715364777915,0.5845490628169551,0.6238358692202144,0.6985953085754529
550.0,0.23929961089494162,0.7385740402193784,0.5235797652422032,0.41664677304667114,0.6147789466577689,0.4979486451979004,0.6225515051133185,0.5846682027079265,0.6202452846225055,0.717701086910575
550.0,0.23735408560311283,0.736745886654479,0.4996048548777546,0.42888977494879305,0.5263955488465162,0.49104837565612147,0.6006366897806047,0.5819879704222292,0.6223618397537866,0.6239252842263575
640.0,0.20428015564202334,0.8464351005484461,0.6680780973138449,0.5817230907117088,0.4613875639827305,0.6663980706483189,0.7475621491133521,0.7572863240618452,0.7864038308820067,0.48928751744472077
640.0,0.20428015564202334,0.8446069469835467,0.6546265254681429,0.5740208935040563,0.4563829371018211,0.6544758121719393,0.7363882171776696,0.7544739557746715,0.7847882279640012,0.4878010835143062
640.0,0.20428015564202334,0.8446069469835467,0.6666805314077981,0.5750047679741992,0.47331975332135734,0.6623123847354234,0.7464052756198388,0.7555519890913275,0.7847882279640012,0.5044273811014125
650.0,0.178988326848249,0.793418647166362,0.6336630368774385,0.48616430669457494,0.6024573917241822,0.6030131933607604,0.718797260556108,0.6771821099927001,0.8042247191665931,0.706118014377222
650.0,0.18287937743190663,0.7915904936014626,0.6362834729512765,0.481105086561378,0.6074279781056751,0.6044431834302738,0.7210081480466674,0.6749879326487856,0.7918929877841463,0.7277620613892385
650.0,0.178988326848249,0.7897623400365631,0.6180818407939506,0.48671168526155,0.5631592362204247,0.5964250248262165,0.7055787761847846,0.6718707071864397,0.8007373811606542,0.6748488754066543
720.0,0.7957198443579767,0.1809872029250457,0.539052816344866,0.5350903795441617,0.2932884171918344,0.575633423180593,0.6365023647801477,0.6315231360258736,0.02473942319255426,0.39551673486781025
720.0,0.19260700389105057,0.7531992687385741,0.5537938091157899,0.5457442022356054,0.322727213705599,0.5842303872889771,0.6496577656101595,0.6347538737350874,0.731388299937289,0.39415420050163685
720.0,0.19260700389105057,0.7550274223034735,0.5565639843938475,0.5383796196341117,0.3288089361773858,0.5857114484324017,0.6521155471449219,0.6347538737350874,0.733060590676979,0.4172224217520314
850.0,0.2918287937743191,0.8793418647166362,0.7346787678127262,0.6024543922430765,0.49659035806891394,0.7224116896013619,0.8016508523630962,0.8026999325935528,0.6347118163643979,0.5382862525941982
850.0,0.2898832684824903,0.8811700182815356,0.7316340706602666,0.6060522827327899,0.4947665379057171,0.7199262306710171,0.7992210842119624,0.8056222154898823,0.639223136093739,0.5244077885728488
850.0,0.2879377431906615,0.8738574040219378,0.7184403829996089,0.6082587621624531,0.47897778872218044,0.7110228401191658,0.7886458615912003,0.794438255073889,0.6372763379004607,0.4990534937575287
655.0,0.28599221789883267,0.7330895795246801,0.5160428919631641,0.4840277490827905,0.36030798161915056,0.5385331252659952,0.6157019816815851,0.5861446576576689,0.5399911885659165,0.48928460741414737
655.0,0.2840466926070039,0.7312614259597806,0.5086890332670599,0.48762563841142087,0.3282330968815308,0.5376138459355937,0.6089838925730621,0.5987237968396658,0.5415065903980814,0.46530948526656524
655.0,0.772373540856031,0.2705667276051188,0.5162175877014201,0.46773836688509324,0.4053543556260948,0.5297886224996453,0.6158611530952941,0.5730047630037728,0.05720197055752087,0.5367324298375294
805.0,0.33852140077821014,0.8208409506398537,0.6965867780282675,0.5847905635665513,0.16461956339203887,0.7707362746488864,0.7709606698615893,0.7114670419477575,0.5281437936964253,0.52594894508223
805.0,0.3424124513618677,0.8208409506398537,0.6995898809573327,0.5861120518964429,0.16232734121890902,0.77455525606469,0.7734036452158529,0.7114670419477575,0.5232690201397364,0.5271655172669217
805.0,0.33073929961089493,0.8098720292504571,0.6641516026254273,0.5775658259277676,0.12189384427947125,0.7482025819265143,0.7443095088082864,0.6944975643023729,0.5310451052054984,0.4937813899667901
675.0,0.2412451361867704,0.7714808043875686,0.5866116513738573,0.5113495275994597,0.5327146145677792,0.5727564193502624,0.6784905471997381,0.6423012723520621,0.6429531289327628,0.5424198919554964
675.0,0.8171206225680934,0.22669104204753202,0.5725860792453143,0.5068376860332378,0.4970369396336314,0.5664917009504894,0.6662432623336537,0.6389306115889292,0.037010357860021395,0.5298868907910633
675.0,0.2412451361867704,0.7714808043875686,0.5835835919107555,0.5032397976168868,0.5240903177716247,0.5715988083416087,0.6758557271583151,0.6423012723520621,0.6429531289327628,0.560264548724349
750.0,0.1634241245136187,0.7294332723948812,0.5005199277924282,0.4155929761781078,0.7567613637799888,0.4530855440488012,0.6014799742659386,0.5722203476272759,0.7852231979803872,0.6706032893180561
750.0,0.772373540856031,0.15539305301645337,0.49589465015098705,0.4128101562143049,0.7549247344037919,0.44922116612285434,0.597211880796697,0.5690991308898262,0.018789202671208108,0.6699560684861293
750.0,0.1634241245136187,0.7294332723948812,0.5017927110282925,0.41600051027998014,0.7637825320164753,0.4531139168676408,0.6026519895334831,0.5721391747348873,0.7852231979803872,0.672006295858674
800.0,0.2276264591439689,0.8884826325411335,0.7642356229566838,0.5529519769518569,0.7665143666230865,0.6878138743084126,0.8250352905925887,0.8160207170476278,0.7664267725784134,0.7254373475994061
800.0,0.9416342412451362,0.2120658135283364,0.7501684566047466,0.550477808714769,0.7424935549950056,0.6803915448999858,0.8139512308536475,0.813278102484838,0.019849644219285784,0.7096722247731159
800.0,0.9416342412451362,0.2157221206581353,0.766173913766856,0.557295012666353,0.772250155622555,0.6883018867924529,0.82655618200404,0.813278102484838,0.020878283487224605,0.7152984239213594
910.0,0.9007782101167316,0.19926873857404023,0.7226330807177499,0.5925167548826134,0.6200576031464262,0.6821960561781812,0.7920146578622967,0.7676927575363001,0.019883291298143577,0.5459708831334039
910.0,0.2101167315175097,0.8482632541133456,0.7266843580763502,0.5940769727066686,0.6255323719470742,0.6847325861824373,0.7952625512952473,0.7704598224682578,0.7736136411144623,0.5480737535779413
910.0,0.9124513618677044,0.2010968921389397,0.7306025339200892,0.6042243750231617,0.6166893918922587,0.6903731025677401,0.7983969827517178,0.7715997423434303,0.01934483141773724,0.5275595443389166
790.0,0.963035019455253,0.32175502742230344,0.7897245630526832,0.6368321027126727,0.3010865517550094,0.8284068662221591,0.844914724474546,0.8453458578895486,0.048244260625184554,0.5310215499082923
790.0,0.4124513618677043,0.9195612431444242,0.8537131163224052,0.7547812895385351,0.1560140656864899,0.939548872180451,0.8937197591820066,0.8646205890697579,0.501636750355509,0.35045003026468835
790.0,0.972762645914397,0.3272394881170019,0.8261195085226565,0.6573945998851354,0.34298179366109105,0.853045822102426,0.8728609618347242,0.8596838839025901,0.04865514036237002,0.5306094106589373
1040.0,0.963035019455253,0.2047531992687386,0.8189569832541657,0.6115310337732605,0.8159605907642384,0.7256121435664633,0.8674008501973217,0.861234858855147,0.01596639491942145,0.6401045383532676
1040.0,0.9571984435797667,0.2047531992687386,0.8078679632972574,0.6049815191267081,0.8080914641194705,0.7175485884522628,0.85890946907417,0.8532665749056537,0.016457323229274734,0.6417198269354659
1040.0,0.21595330739299612,0.9085923217550274,0.8200384330624164,0.6146514654405153,0.8278650785247739,0.7239040998723223,0.868226485874836,0.8636226216513366,0.8112470364080604,0.6331072968802375
940.0,0.2412451361867704,1.0,0.9561680073871341,0.7083293861700537,0.6434347029810668,0.8929153071357638,0.968871069204959,0.9999999999999999,0.8253266726106931,0.5760880753674348
940.0,0.23929961089494162,0.9963436928702012,0.9457278573151762,0.7070078973425551,0.626772034539735,0.8878706199460917,0.961369928681559,0.9943896931557966,0.8270176026977173,0.566198552814326
940.0,0.2412451361867704,0.9981718464351006,0.9559933116488781,0.7079218517364434,0.6353344304281898,0.8950092211661229,0.9687458316554806,0.9971948158906759,0.8238676842612698,0.5768611421851438
805.0,0.9688715953307394,0.20292504570383915,0.8287649011305309,0.6207814490968597,0.6060137036451954,0.7844573698396936,0.8748727619566391,0.860938609306562,0.014978947054080677,0.629159623530806
805.0,0.21400778210116733,0.9177330895795248,0.8442213145438362,0.6294675199453101,0.6071067767366269,0.798609731876862,0.8865758299404564,0.8753229910298118,0.8239799141343023,0.6280002402103365
805.0,0.972762645914397,0.20292504570383915,0.8359191075543428,0.6403600694770137,0.5828477967074965,0.7970549014044546,0.8803005449359559,0.8734816710038739,0.01465969154923076,0.5873225706121304
1000.0,0.8929961089494165,0.2157221206581353,0.6938665158182831,0.5758777609416179,0.39581088049628743,0.7072322315222017,0.7687442423966578,0.7638939279963196,0.02545485650135923,0.5452901927658086
1000.0,0.22957198443579768,0.8427787934186473,0.7001971566188887,0.5748938872178853,0.4057942676996751,0.7110285146829337,0.7738971575436054,0.767152894996752,0.7243646788305909,0.5579934501064941
1000.0,0.8929961089494165,0.21389396709323585,0.6742506800655526,0.5713659207023478,0.36072816548146003,0.6963484182153497,0.7526605545277215,0.7615937503756011,0.024916322195357346,0.5260684238130803
1050.0,0.933852140077821,0.23948811700182818,0.8554267983262485,0.6657889874030791,0.3859149051814197,0.8697801106539935,0.8950061106319632,0.8303094854123773,0.028317283410434407,0.5496631441631871
1050.0,0.9280155642023347,0.23583180987202926,0.833007511916745,0.6522824239251677,0.3522813334339432,0.8572449992906794,0.8780938348461128,0.8214561954768419,0.027847361369006896,0.5527864676601618
1050.0,0.2529182879377432,0.8811700182815356,0.8595113510635644,0.6549253990091954,0.3801116814456078,0.8755284437508866,0.8980679139620519,0.8325527878472093,0.7065274628516992,0.582573189857389
855.0,0.1556420233463035,0.663619744058501,0.43733830245655486,0.39288192425672147,0.4124577497048554,0.4508043694141013,0.5418965203728138,0.48870042077549114,0.7401678263206617,0.6051457494904134
855.0,0.7042801556420233,0.1480804387568556,0.43564125814206917,0.39240446759055986,0.40972756903435004,0.4496070364590722,0.5402562331642208,0.4892104355352985,0.023824363233878904,0.602817539092631
855.0,0.15369649805447472,0.663619744058501,0.4354000116463826,0.3916593203753494,0.42250404932437924,0.44716697403887073,0.5400228770843495,0.48870042077549114,0.7455750842918779,0.6047736756370526
985.0,0.2412451361867704,0.8866544789762341,0.8766065768786031,0.7204325408702346,0.5949947640342774,0.8320442615973898,0.9108189300378938,0.8349259264763501,0.7348693949464397,0.44939274284278163
985.0,0.9396887159533074,0.22669104204753202,0.8555848563751467,0.6811064920189693,0.5528549058293306,0.8234472974890056,0.89512470202093,0.8322536965378525,0.024144908189462785,0.5126709942383517
985.0,0.2412451361867704,0.8848263254113347,0.8700097330482743,0.6947818612656724,0.5871665963264459,0.8279358774294225,0.905910558345811,0.8335652584742484,0.7334104065970163,0.49916808623682696
1045.0,0.9980544747081712,0.23948811700182818,0.9001655450091091,0.6988861679836118,0.5132456733466837,0.876765498652291,0.9282262084675633,0.9067813276146314,0.022414208958240964,0.5280447142733588
1045.0,0.25486381322957197,0.9414990859232175,0.9258874127561165,0.6997012390071289,0.5634175746526768,0.8870307845084409,0.9470198817213015,0.910613445309966,0.7491574187821727,0.5588153261036685
1045.0,0.9902723735408561,0.23583180987202926,0.9444134798559176,0.6898335223863963,0.7273480827748067,0.8594580791601645,0.9604231415070993,0.8959059481279238,0.022109640820875992,0.6069662528291312
945.0,0.1964980544747082,0.8464351005484461,0.7497525143708041,0.5643099869248622,0.6656403459151994,0.6970180167399631,0.8136222479412413,0.7678001830595794,0.8063513906095213,0.667447963530582
945.0,0.9007782101167316,0.18647166361974407,0.7544027485462819,0.5630873843704418,0.6858021246533088,0.6967456376791034,0.817296182976594,0.7697665646965618,0.01614173612915487,0.6786124733390996
945.0,0.8988326848249029,0.1846435100548446,0.7496027751665848,0.5621035093197575,0.6804058238294943,0.6935622074053057,0.8135037964369299,0.7673835393198737,0.015779391835100853,0.6737185058952603
805.0,0.19844357976653698,0.8738574040219378,0.8033009175685681,0.5319240205821099,0.9877260108517727,0.6753809050929209,0.8553986783237547,0.8019467229375944,0.825930391927696,0.8598734255040564
805.0,0.19844357976653698,0.8738574040219378,0.8033425117919624,0.5526263625514134,0.9734204980992414,0.6783316782522344,0.8554306887937161,0.802246513297033,0.825930391927696,0.7913131428097254
805.0,0.9260700389105059,0.18829981718464353,0.8091490653778004,0.533722966241639,1.0000000000000004,0.6778436657681941,0.8598928501184916,0.7997439271122507,0.014469935931123931,0.8638083079805309
580.0,0.7140077821011672,0.21389396709323585,0.3725428212529844,0.3715862772549911,0.5390392867699907,0.36802950773159315,0.47762958349612294,0.4840557529806634,0.046133837814055334,0.5218343220626455
580.0,0.22373540856031127,0.6727605118829982,0.3598981773411309,0.374607824888399,0.5035499162408064,0.36110086537097463,0.46466998433224627,0.48392371239323817,0.5949937632434263,0.48140828911668077
580.0,0.22373540856031127,0.6727605118829982,0.3668194561139349,0.37413036871984434,0.5224366944947447,0.3649879415519932,0.4717816126807267,0.4840557529806634,0.5949937632434263,0.4996911094767721
660.0,0.23346303501945526,0.8537477148080439,0.6918367177166436,0.6199833438985818,0.27992440648747685,0.7345439069371542,0.7670881935683437,0.7966408721339638,0.7249604324066056,0.43113632686047787
660.0,0.23346303501945526,0.8555758683729434,0.6924606310675574,0.6491330286320582,0.2778493446986241,0.7357242162008796,0.7675974256524333,0.7966408721339638,0.7264498163466419,0.36570398054615516
660.0,0.906614785992218,0.21937842778793418,0.6876939330665757,0.6020348614187374,0.27453378701476794,0.7317179741807348,0.7637023588552169,0.7960056250917297,0.025193597293428946,0.4683877290677686
665.0,0.18093385214007784,0.7440585009140768,0.5092879900839371,0.4482296669129318,0.5468690606298536,0.49659242445736984,0.609532369292937,0.6176088070601765,0.7520942998232693,0.5822296272196293
665.0,0.7879377431906616,0.170018281535649,0.4965185635019009,0.43808226310361803,0.5127776575089782,0.49053766491700945,0.5977884400573378,0.6127369865894562,0.021989947098592463,0.5877016079455072
665.0,0.178988326848249,0.7440585009140768,0.5050536981424019,0.44259410558211926,0.5374438113429543,0.4942601787487587,0.6056499512873014,0.6160294750222589,0.7571456560864172,0.591218530388954
795.0,0.3229571984435798,0.8884826325411335,0.8070111222953356,0.6711328618372021,0.056442061371003494,0.9226670449709178,0.8582514039506562,0.8463327964734625,0.5929184108319471,0.4718739368410022
795.0,0.9396887159533074,0.30347349177330896,0.8063040204976333,0.6760522392469204,0.06564806569010795,0.9188026670449709,0.8577081293779086,0.843030643331823,0.04578525430199214,0.4595446473185901
795.0,0.3229571984435798,0.8994515539305301,0.7937342461878893,0.7012664217042974,0.0,0.9272861398779968,0.8480185387099336,0.8640539176433596,0.6001275297349805,0.38746496428221333
695.0,0.22373540856031127,0.8756855575868374,0.6580954836992239,0.6169448323474278,0.2857262852241629,0.6986295928500497,0.7392781824100095,0.8059826431700318,0.7647357446875784,0.3887471244317823
695.0,0.2509727626459144,0.8903107861060329,0.7037326656074003,0.6181963988594403,0.29483002419764404,0.7427606752730884,0.7767670418081,0.8281260082366791,0.7175357423174686,0.45282224612056654
695.0,0.9357976653696498,0.2157221206581353,0.6819622490828474,0.597535016657917,0.33393490528577363,0.7107107391119307,0.759004869993363,0.8150426696015788,0.021405623871421087,0.4708533354945269
690.0,0.2879377431906615,0.8372943327239488,0.7089735377550765,0.6077982700775135,0.15807412541784283,0.7856887501773301,0.7810109015199053,0.7660175104566805,0.6112798182198248,0.48605980582135555
690.0,0.2898832684824903,0.8391224862888483,0.7004799973379696,0.6093584835060408,0.1265812215087001,0.7857114484324017,0.7741269557069962,0.768240286536387,0.6094624144683957,0.4695181250023047
690.0,0.2879377431906615,0.8372943327239488,0.7023267808566747,0.6314811989172311,0.13207349421338854,0.7860973187686197,0.7756265151142486,0.7671293044020625,0.6112798182198248,0.4193846626837042
700.0,0.1945525291828794,0.7806215722120659,0.5074079311865167,0.4563803569950225,0.43829126816630337,0.5148020995885941,0.6078099819688717,0.6516530230412138,0.751630795984002,0.5532799933232401
700.0,0.1945525291828794,0.7824497257769653,0.5092297581711851,0.4567878912627638,0.43965264821882055,0.5163228826783941,0.609479055349314,0.6546394940868127,0.7532933641031124,0.5557136686735272
700.0,0.1945525291828794,0.7824497257769653,0.5138134415892321,0.45278246832986807,0.45873709826104303,0.5171683926798127,0.6136689408906008,0.6546394940868127,0.7532933641031124,0.5772932039376008
580.0,0.17509727626459143,0.7915904936014626,0.5767954146528129,0.5006957057373611,0.6120930480478668,0.5480323450134771,0.6699305090948383,0.6685700914067932,0.8133305461821004,0.5552086338146763
580.0,0.17509727626459143,0.7915904936014626,0.583883070319194,0.49191075002571866,0.6350066026009502,0.5502794722655696,0.6761165406779145,0.6685700914067932,0.8133305461821004,0.5943464038790899
580.0,0.17704280155642022,0.7952468007312614,0.5849728389721236,0.4966902829703344,0.6174112636416016,0.5546375372393247,0.6770651912322022,0.6736061320706633,0.8113812502278605,0.5820772170877301
560.0,0.7937743190661479,0.20658135283363802,0.5046294370637805,0.46892000975466813,0.26716525730455176,0.5460065257483331,0.605260303883084,0.6132094937918519,0.033290530653686506,0.5104746307936711
560.0,0.2178988326848249,0.7477148080438757,0.5089968305201773,0.46803501931837227,0.2734094153985507,0.549178606894595,0.6092657776493001,0.612798246735398,0.669658959154818,0.5216451422902509
560.0,0.2178988326848249,0.7477148080438757,0.5124741075959371,0.46942642988081523,0.280218677808608,0.5513122428713293,0.6124460699669804,0.6132094937918519,0.669658959154818,0.5243930415025319
675.0,0.1867704280155642,0.8647166361974407,0.6668801836800904,0.5566777144377957,0.5067942510684111,0.654941126400908,0.7465706004154015,0.7957355019478528,0.849643145101084,0.5537622391984974
675.0,0.9143968871595332,0.1736745886654479,0.6375396184977831,0.5464314266775694,0.46696255517266394,0.6355227691871187,0.7220667403788518,0.7901475443468354,0.011254243399184363,0.5330588084004909
675.0,0.1867704280155642,0.8647166361974407,0.6648171101997356,0.5552863049535011,0.5072373729690782,0.6528642360618527,0.7448613237703051,0.7961496715266093,0.849643145101084,0.55418559961847
505.0,0.13618677042801558,0.740402193784278,0.44362734903376616,0.44800293679513864,0.5639114522799837,0.43155624911334944,0.5479562364072111,0.5945437842697515,0.8822477673698895,0.44811535247535683
505.0,0.13618677042801558,0.740402193784278,0.44968346795996966,0.4470889820695125,0.5909832345664356,0.4329011207263441,0.5537635504099981,0.5945437842697515,0.8822477673698895,0.46317400515108786
505.0,0.7859922178988328,0.12979890310786105,0.4487767138899749,0.44226848985472383,0.5788062559540554,0.43400766066108665,0.552895779939765,0.5948423637879231,0.008979779686234687,0.4752546396010854
510.0,0.12840466926070038,0.6069469835466179,0.2980392483091948,0.2986566265359634,0.49452636438184916,0.30290821393105405,0.39904396824549615,0.39006196104088964,0.7587629722630845,0.5773487623059986
510.0,0.12840466926070038,0.6069469835466179,0.29594289945012436,0.3020157869509716,0.48651209620607183,0.3019265143992056,0.3967503462775829,0.3897099404039014,0.7587629722630845,0.5588926518919545
510.0,0.6381322957198443,0.11882998171846437,0.2752372950444642,0.28298454281562685,0.4136324564833642,0.29118456518655134,0.3738299606409182,0.3851587748233841,0.020898856272583394,0.5681429146515283
575.0,0.16731517509727628,0.7751371115173675,0.5426964703142028,0.5008235513237003,0.3777898681674814,0.5615207830897999,0.6397662301100758,0.6563593648429241,0.8195645920408183,0.49214978930003406
575.0,0.16926070038910507,0.773308957952468,0.5468808491876649,0.49648051486279393,0.39537291761361537,0.5620541920839836,0.6435045828310394,0.6539883375536876,0.8121315452743982,0.5120490051251075
575.0,0.17120622568093385,0.7751371115173675,0.5492849952998526,0.49861707164523345,0.3842833943464248,0.5667186835012058,0.6456477202916372,0.6563593648429241,0.8083659330486457,0.5104633691826926
450.0,0.12840466926070038,0.7458866544789763,0.3974244856874278,0.4098994899177522,0.7308352430273075,0.3640232657114484,0.5027189128122177,0.595793829956483,0.9162491349660672,0.4601864221007258
450.0,0.13035019455252916,0.7458866544789763,0.4009100816078663,0.40776293164249194,0.7459199276534632,0.3651014328273514,0.5061914763121013,0.595844044009281,0.9091082913524049,0.47441290046602747
450.0,0.784046692607004,0.1206581352833638,0.3886564233959187,0.4000607355959222,0.7405200806458181,0.35479075046105824,0.4939384888291668,0.5844537432707769,0.006149251948517329,0.47006153150415975
460.0,0.14202334630350194,0.720292504570384,0.43821178114783416,0.43051991077574064,0.4023289050958967,0.4534260178748758,0.5427399330537402,0.568089256159899,0.8407215151942646,0.4876424878743707
460.0,0.14202334630350194,0.720292504570384,0.4439434651315625,0.4315037866557699,0.41246064369415913,0.4573017449283586,0.548260040728712,0.5684721949256083,0.8407215151942646,0.4969131914798176
460.0,0.13813229571984437,0.7148080438756856,0.4091124624612134,0.4296059574600008,0.3391198348000639,0.43543197616683216,0.5143235896560229,0.5600794195612812,0.8475481874711426,0.4281818382725474
400.0,0.13035019455252916,0.7184643510054844,0.4571704281709356,0.41810810410004123,0.6132124781598094,0.4363342318059299,0.5609055689445116,0.5638151304299833,0.87824911331424,0.5669650123876183
400.0,0.7626459143968871,0.12248628884826326,0.46221164804631937,0.41786937643043626,0.6399820303871966,0.4367371258334516,0.565691591045525,0.5638151304299833,0.00872083144977516,0.5787855903205391
400.0,0.1245136186770428,0.7184643510054844,0.4578775299686379,0.42129845849745445,0.6463790913623901,0.4317151368988509,0.5615779817287337,0.5631130319761725,0.8993059642108701,0.5583552369127233
555.0,0.18093385214007784,0.9159049360146252,0.7023850127694267,0.6378569386922197,0.5779359490070863,0.6727081855582352,0.7756737735187448,0.8639479527084452,0.9150058231552542,0.4048044603179485
555.0,0.17704280155642022,0.882998171846435,0.6704156926686022,0.5815952420567936,0.598296262564026,0.6382522343594836,0.7494950754823176,0.8113026867948826,0.8955908354510247,0.493283899565237
555.0,0.18287937743190663,0.923217550274223,0.745959121197248,0.6274008851466186,0.6793615236962234,0.6904582210242588,0.8106185890723149,0.874973006621839,0.9159245756580237,0.49184421967178704
490.0,0.8463035019455254,0.13528336380255943,0.5718041078455025,0.4727516599722968,0.9684721037708681,0.48195204993616114,0.6655571727005859,0.6886834249863606,0.0054557955281772375,0.6302674251238397
490.0,0.1478599221789883,0.8043875685557588,0.5917942916087813,0.4834754043986847,0.9865956771675699,0.49607603915448995,0.682988385403534,0.6922745133804077,0.9110126640511564,0.635157848587098
490.0,0.8482490272373542,0.13893967093235834,0.5876265504246769,0.4791323673572369,0.9924595521588233,0.4916044829053766,0.6793725094868627,0.6894791474201244,0.006420637083517408,0.640800131870182
345.0,0.717898832684825,0.1809872029250457,0.3146769376668968,0.3784034835287407,0.1965454227443466,0.3622528018158604,0.41707837672354253,0.49079687984463527,0.03390654795677639,0.3609920070115432
345.0,0.19066147859922178,0.680073126142596,0.34499912652130876,0.39177020220981157,0.23452241983898459,0.38768619662363457,0.44921016192122176,0.4971990257245741,0.6688544632772331,0.3940919917469964
345.0,0.19066147859922178,0.6782449725776966,0.347661156818541,0.3763658104484103,0.26706259659417153,0.3851326429280749,0.4519877813348602,0.494382165056407,0.667172335533192,0.4463691262020163
540.0,0.8754863813229572,0.21755027422303477,0.6119092580422432,0.5455873940186255,0.43360490701561627,0.6178975741239892,0.7003073682941522,0.7240804977779617,0.027757554913229315,0.49226798759388013
540.0,0.22957198443579768,0.8226691042047533,0.6053373707459508,0.5516304898659827,0.42553128224997794,0.613221733579231,0.6946728495748254,0.7215480556862007,0.7078090005076596,0.4654385529799697
540.0,0.22178988326848248,0.8208409506398537,0.6028833115656898,0.5390378805331559,0.4543188349379972,0.6046247694708469,0.6925629197339175,0.7196066366608901,0.7231347359639803,0.49445464915614623
625.0,0.21206225680933855,0.7440585009140768,0.5122910930130022,0.4683726325975795,0.32411199478409225,0.5420797276209391,0.6122788802178808,0.6017062531562952,0.6788635880304503,0.5271321469067757
625.0,0.7898832684824904,0.2010968921389397,0.5169746025671955,0.466812416598083,0.3317266965345045,0.5452461342034332,0.6165506713160235,0.6030466613413886,0.03195444732003039,0.54097716821533
625.0,0.7859922178988328,0.2010968921389397,0.5070003077972531,0.4669812216204641,0.30989277197613463,0.5396283160732018,0.6074362417182627,0.5974410582300927,0.03240941612109351,0.5208054503451393
650.0,0.16731517509727628,0.7824497257769653,0.5424136295951218,0.41678661751177387,0.7514998385564637,0.49159880834160874,0.6395131581747006,0.6583397092499498,0.8268041291670714,0.7586139126388728
650.0,0.8287937743190661,0.15722120658135283,0.5254015922268715,0.4197382424150235,0.7016002919378379,0.48463044403461486,0.624201815248108,0.6552648872193546,0.013824462001258517,0.7107957953130876
650.0,0.1653696498054475,0.7824497257769653,0.5422056584781505,0.41244358080206406,0.7661896237213144,0.48894311249822664,0.639327045065443,0.6583397092499498,0.8325565639218488,0.7740307159260248
590.0,0.19844357976653698,0.773308957952468,0.49601943282116984,0.44569757217054545,0.5591104112303271,0.48186125691587456,0.5973272133533017,0.6383809275300781,0.7355401941875539,0.5628000780582033
590.0,0.19844357976653698,0.7714808043875686,0.49973795639261614,0.4430835600488961,0.5757678776515602,0.48246276067527305,0.6007593836590134,0.6356292466379357,0.7338967360468241,0.5786387349824827
590.0,0.8190661478599222,0.18647166361974407,0.4891563859611177,0.44399751336463605,0.5465804635422331,0.47754858845226267,0.5909684677266648,0.6356292466379357,0.024019493259804542,0.5538599194422306
555.0,0.8443579766536966,0.19378427787934185,0.5571463035213668,0.518026887749417,0.33485068513749283,0.584996453397645,0.6526316243970193,0.6806018847922127,0.023701959264234546,0.4712717678077135
555.0,0.8482490272373542,0.1956124314442413,0.5691171210142336,0.5193483749182257,0.35646155390801937,0.592339338913321,0.6631969950051996,0.6853105489958159,0.02387105679040097,0.48892811826759475
555.0,0.20428015564202334,0.7952468007312614,0.5642672345664634,0.5194182977313184,0.3550852388385972,0.587788338771457,0.6589265079583068,0.681235414251253,0.7411669491778494,0.48015030694252114
540.0,0.14980544747081714,0.7276051188299818,0.4436107113444085,0.4387984482687293,0.41578175507908677,0.456393814725493,0.5479402446359606,0.5870131010025775,0.8237795574482173,0.47460894496245787
540.0,0.7704280155642023,0.14442413162705667,0.43838647688609006,0.4354392881025247,0.39789212531543106,0.4543736700241169,0.5429085461915929,0.584230311488034,0.01532626897693938,0.47346661854102357
540.0,0.14980544747081714,0.7257769652650823,0.43651473683334857,0.4397823220753964,0.3874222908597349,0.45435664633281314,0.5411007722292901,0.5852071782614868,0.8218603512972978,0.45690366059007237
550.0,0.8073929961089494,0.14990859232175505,0.5097871207646683,0.46713306338857513,0.5116944838911337,0.5034359483614697,0.6099892560633403,0.6333090197027823,0.013512001255321787,0.5258535186142544
550.0,0.15953307392996108,0.7659963436928703,0.5131396151702452,0.47286750875323463,0.5032076216945094,0.5082082564902823,0.6130538514588352,0.6372837738293572,0.8335500614892617,0.5156413382357655
550.0,0.8054474708171206,0.14990859232175505,0.5167416749161877,0.46540404054213885,0.5374591417495598,0.5053709746063271,0.6163385507127433,0.6333090197027823,0.013696857486985,0.5447211390153553
465.0,0.13035019455252916,0.6179159049360147,0.3806287382808276,0.2597790710567433,0.9825214093854187,0.3173102567740105,0.4858418501291052,0.4075888038240777,0.7650987938409686,1.0
465.0,0.6556420233463036,0.12248628884826326,0.38037917294046203,0.28007387759722263,0.9705312319193493,0.31851326429280746,0.48558924520847835,0.4098929932599479,0.02015773299758042,0.9008072588416934
465.0,0.6478599221789882,0.11517367458866545,0.3221888544118993,0.2763071824168663,0.7880699778082025,0.28924386437792593,0.4251250973892883,0.39751956463915683,0.018286366517023186,0.7386880389843197
600.0,0.7898832684824904,0.12979890310786105,0.49774975251437076,0.4234759757940842,0.8382677326433972,0.43796850617108807,0.5989254253526287,0.6020326587003467,0.008622842836781844,0.6378529179743374
600.0,0.7879377431906616,0.12431444241316272,0.48232661447978104,0.4151275163173476,0.8064944062736275,0.42915023407575537,0.5846089892065881,0.5995606072543064,0.007002435752313893,0.6320573215928688
600.0,0.1342412451361868,0.7458866544789763,0.4946301857598016,0.4222533729079259,0.8373373498648538,0.4353638814016172,0.5960425928037584,0.6048376843831392,0.895130469810768,0.6351636934739725
565.0,0.09533073929961089,0.680073126142596,0.3386768045653819,0.33854205258416376,0.7049982553971725,0.31412682650021284,0.44258594515953764,0.4959269606751898,0.9706226198053419,0.5470448325951159
565.0,0.0933852140077821,0.680073126142596,0.3358151219958572,0.33729048673562706,0.7003163452465038,0.3121066817988367,0.43957481182213487,0.49625865117319756,0.979347209364828,0.5438119449865605
565.0,0.717898832684825,0.08592321755027424,0.31821244665540854,0.3328775282909728,0.6537912582334724,0.3017562774861683,0.4208728727373411,0.49079687984463527,0.00018770610343459004,0.5121034116740425
560.0,0.7140077821011672,0.17733089579524683,0.3660208470247652,0.3562807714349299,0.25080987378865593,0.4066789615548304,0.4709632689940867,0.4927043450702243,0.033105969181390416,0.5567255544051489
560.0,0.18482490272373542,0.6745886654478976,0.36963122561538647,0.3525839974919111,0.2801271558332603,0.40546460490849767,0.474658276824648,0.4955058421291453,0.6771039400578899,0.578621453707376
560.0,0.18482490272373542,0.6727605118829982,0.3657879193737574,0.351768926468394,0.2606269282936462,0.40478933182011634,0.4707244764677748,0.49306566643544925,0.6753915944501834,0.5716395757395439
530.0,0.11478599221789881,0.6910420475319927,0.357377567403439,0.3727099970195817,0.5269164108670226,0.3553355085827776,0.462069120129862,0.5125436170067975,0.9038001986415144,0.48129811778920384
530.0,0.7295719844357977,0.1096892138939671,0.3557969869144573,0.3727099968537127,0.5313359020198729,0.3532018726060434,0.46043520807388616,0.5069025795102245,0.007477207923820173,0.4774551128303265
530.0,0.1167315175097276,0.6873857404021938,0.36212762771506296,0.3742702132678815,0.5392193987494323,0.3581046957015179,0.466965533783824,0.5070511846531179,0.8920422307706924,0.4878769052012787
440.0,0.07782101167315175,0.6142595978062158,0.253866183064496,0.3059343230700941,0.5849304093900116,0.2500156050503618,0.3496416053753527,0.40311482953071753,0.9628363245438528,0.42429298260586357
440.0,0.6517509727626458,0.07678244972577697,0.2598224758545533,0.3031515041844394,0.6229346968853524,0.251326429280749,0.35643944153981877,0.40350410776014034,0.003066648988947193,0.45066527986391647
440.0,0.07198443579766536,0.6160877513711153,0.2559542130788876,0.2993848095846245,0.646178866892849,0.24517520215633423,0.3520297078939346,0.40515622239392035,0.9940606830036468,0.4521967250056923
410.0,0.0,0.36563071297989036,0.012228701677910986,0.006240864495592691,0.8572139492914101,0.009834019009788614,0.020812129658584366,0.022713242227692332,0.9999999999999999,0.7037951292534709
410.0,0.0019455252918287869,0.36745886654478976,0.01820163215732601,0.009600024330059409,0.8870937994187282,0.013675698680663928,0.030758215499708808,0.02548479325866626,0.9891730628651231,0.7262693383867861
410.0,0.37743190661478604,0.0,0.0,0.0,0.8368852466987042,0.0,0.0,0.0,0.0,0.651286206301457
880.0,0.2509727626459144,0.7513711151736746,0.5721368616326565,0.4967362102651312,0.3805840813520427,0.5901659809902113,0.6658491682609374,0.6302736631371711,0.6094109141930327,0.5581454076179985
880.0,0.2509727626459144,0.7531992687385741,0.5725943980899932,0.4999265630038547,0.36813089213283545,0.59329266562633,0.6662505592897793,0.6335274241309236,0.6108336092999332,0.5497084430442997
880.0,0.7996108949416343,0.23765996343692872,0.5737174421216382,0.49731254996992597,0.3886954233866069,0.590001418640942,0.6672352874592059,0.6243680394636747,0.042674574559108586,0.5593889425934054
1060.0,0.2509727626459144,0.9287020109689215,0.8791188679716162,1.0,0.599705985430413,0.8331451269683643,0.9126842368053757,0.8820657081396449,0.7474123395623786,0.0
1060.0,0.2529182879377432,0.8793418647166362,0.8375911953347919,0.6264749343620013,0.5901323712060762,0.7967541495247553,0.881566423756761,0.8139292401912489,0.7051118107898824,0.6265307409182029
1060.0,0.2529182879377432,0.8811700182815356,0.8337645267825204,0.635021162072301,0.5770002041641011,0.7965328415378068,0.878667878651085,0.8163838367083823,0.7065274628516992,0.5982410689213998
945.0,0.8871595330739299,0.21389396709323585,0.7292631999267942,0.5635648385485688,0.5512053346780323,0.7042133635976734,0.7973262974019425,0.7584862583737589,0.025491574749495732,0.6363638698128135
945.0,0.22957198443579768,0.8592321755027422,0.7834438353201507,0.5996306121797559,0.588287753406719,0.7464321180309264,0.8400402613333139,0.7797842423271998,0.7379102338220802,0.6196683564798616
945.0,0.9085603112840468,0.21755027422303477,0.7869294312405892,0.598070398668294,0.6044931009464811,0.7457625195063129,0.8427473448959065,0.7747953431290479,0.024474704081715745,0.6292867464703019
1150.0,0.3093385214007782,0.9744058500914077,0.9861075293863188,0.7218938748263117,0.4740859879052879,0.9711051212938004,0.9901962785794826,0.9825270221504597,0.6713812958624377,0.5803117431552417
1150.0,0.30739299610894943,0.9744058500914077,0.9890856757813475,0.7224702149457789,0.4784024638043993,0.9726372535111363,0.9923027339072509,0.9825270221504597,0.67463220639807,0.5825665407779385
1150.0,0.301556420233463,0.9707495429616089,0.960868154630685,0.7159906205413502,0.43863524596673864,0.9576223577812455,0.9722370074532446,0.9770167344136883,0.682037305817538,0.5634396405711498
1000.0,0.9494163424124515,0.32358318098720296,0.8283572777412673,0.6375073291881526,0.5341737890621809,0.802530855440488,0.8745629365034618,0.8286098060643524,0.05031206139696,0.5840576356332258
1000.0,0.3638132295719844,0.8921389396709325,0.8453526774201598,0.6304803563826178,0.5072981784079755,0.8259100581642786,0.8874290426954904,0.8262170916164816,0.5408633765906736,0.626892977799752
1000.0,0.37354085603112835,0.9012797074954297,0.8823881739304045,0.6782247875237124,0.5120595880459247,0.8600822811746347,0.9151083545022344,0.8390960687124659,0.5345900851619488,0.554908267517419
905.0,0.2821011673151751,0.9213893967093236,0.8593283364806297,0.6489472563745518,0.5371890299721911,0.8311930770322031,0.8979308517838499,0.8844109524516982,0.6814045315611161,0.5977384459591192
905.0,0.2801556420233463,0.9287020109689215,0.8564167408430317,0.652545145869051,0.5262557955013878,0.8313689885090083,0.8957487207814431,0.8962369971555412,0.690208140472422,0.5844149225376539
905.0,0.2801556420233463,0.9122486288848264,0.8496285635850893,0.6399235730762389,0.5330580202545074,0.8230727762803235,0.8906495178484758,0.8759493489009677,0.6782930689521306,0.6077959568817081
850.0,0.22957198443579768,0.7806215722120659,0.5849562012827658,0.5344151547273717,0.3617548777507378,0.6070024116896013,0.6770507129766249,0.6521720018523581,0.673192582196076,0.476100438995935
850.0,0.8268482490272373,0.21937842778793418,0.5901721168964054,0.5357366453794288,0.36965623304339656,0.6104638955880266,0.6815821440083846,0.6499245484542749,0.03356862890244984,0.481543344339319
850.0,0.22957198443579768,0.7806215722120659,0.5894483774093453,0.5376754321037467,0.37907583644558995,0.6076776847779827,0.6809542776839307,0.651993358632274,0.673192582196076,0.4751645559623058
900.0,0.21206225680933855,0.8665447897623401,0.824971507956975,0.6239428415271082,0.8081016742825757,0.7327110228401191,0.8719871087888177,0.8033529317489948,0.7847168201002219,0.615082234785027
900.0,0.9007782101167316,0.19195612431444245,0.7756490778560674,0.5609628238128623,0.7751953890539713,0.6961327847921691,0.8339690393289237,0.7794618610317418,0.01774525977300717,0.7196188114299612
900.0,0.21595330739299612,0.8647166361974407,0.8395045296109276,0.6132190963543098,0.807626478590985,0.7457057738686338,0.8830136897289066,0.8015110271678324,0.7737438604753398,0.6658608690406177
820.0,0.9377431906614786,0.23948811700182818,0.7866049962981141,0.6569750679826478,0.3811823983557572,0.8028656547027947,0.842495575132551,0.8348029619563261,0.027939502144212647,0.4775640960904385
820.0,0.2509727626459144,0.8848263254113347,0.7997820462694141,0.656258882900471,0.404842885408804,0.8094367995460349,0.8526881830288081,0.8375786397926789,0.7132676569967673,0.49731950641414635
820.0,0.2529182879377432,0.8848263254113347,0.7899408530143333,0.6541223267815073,0.38624991073683557,0.8047893318201164,0.8450823105709432,0.836037194604094,0.7093587669753328,0.4889384321092475
960.0,0.3035019455252918,0.8866544789762341,0.8529477826119509,0.6425545521012757,0.5175288596749952,0.8304156617959995,0.8931449338818952,0.8363756885726789,0.6210171111177472,0.6055392835005343
960.0,0.301556420233463,0.8848263254113347,0.8449616917202538,0.6804192713919917,0.5072130764612388,0.8255582352106681,0.887134234695553,0.8363756885726789,0.6228293733290412,0.5003509776294223
960.0,0.933852140077821,0.2870201096892139,0.8187490121371943,0.6272200814113429,0.4454428636225667,0.816961271102284,0.8672420238270407,0.8329171506655749,0.04178649469424214,0.5973277998602396
940.0,0.9513618677042803,0.32541133455210236,0.8828956234558145,0.7051849591503718,0.13696951806408153,0.9769896439211236,0.9154842883046032,0.8527107897060439,0.050596056990109814,0.4914742194378653
940.0,0.34824902723735407,0.9085923217550274,0.9140663344674691,0.7077580124994551,0.16890211415200085,0.9989502057029367,0.9384097985332137,0.8702273361744236,0.5707884263108821,0.5246765919310924
940.0,0.9649805447470818,0.3290676416819013,0.9182257568068948,0.6966267346346708,0.17847094859604207,1.0,0.9414445751308248,0.8703918032200814,0.05003875794558914,0.5564984640990766
815.0,0.8910505836575877,0.2723948811700183,0.7605503747639528,0.6041834155041852,0.4402051657893229,0.7615718541637112,0.8221394115795221,0.7570541389148363,0.04237296252953131,0.5727349875828688
815.0,0.8929961089494165,0.27605118829981723,0.7587784608473576,0.617113640438385,0.4093872747049132,0.7678252234359484,0.8207450564291429,0.759845912363062,0.04322648859942106,0.5363357696946017
815.0,0.2898832684824903,0.8427787934186473,0.7590197073430442,0.6036070740577664,0.4149081936711063,0.7666222159171514,0.8209349740257671,0.7617963060354375,0.612050303305382,0.5719635108531881
720.0,0.20622568093385213,0.793418647166362,0.6992571271701786,0.5171418985571383,0.758134363924635,0.6313008937437934,0.7731331567672576,0.6815576289782171,0.7349677537115693,0.7264386751222945
720.0,0.840466926070039,0.19744058500914077,0.7014283456313586,0.49715574034306004,0.7859051593192676,0.6276181018584196,0.7748971918457369,0.6791336889962639,0.025233672768537038,0.7963948965135691
720.0,0.83852140077821,0.1956124314442413,0.6987496776447686,0.5116461800327388,0.7823512708063789,0.6259441055468861,0.7727205653902095,0.6774968810140439,0.024867072537154408,0.743260185052827
750.0,0.2276264591439689,0.8226691042047533,0.6904391518105966,0.5334432786383854,0.7983632599483581,0.6153496949921975,0.7659468660935244,0.7233303971012751,0.7119578741999383,0.6603345795022127
750.0,0.2276264591439689,0.8208409506398537,0.6842582502142103,0.5381239260563333,0.7929912674342212,0.6109121861256915,0.7608884222621982,0.7202125904559794,0.7104448492449805,0.6357562383506504
750.0,0.22373540856031127,0.8190127970749543,0.6576712226206025,0.5394164515067807,0.7745340862891239,0.5907901830046816,0.7389250477675878,0.7174052530787393,0.7173303264464188,0.5866909712794847
805.0,0.311284046692607,0.7422303473491774,0.6047966458418255,0.49634067147583955,0.19593887012394307,0.6659554546744219,0.6942082266065895,0.6052484059779882,0.511619022513111,0.6198959132076184
805.0,0.30544747081712065,0.736745886654479,0.5900639719155802,0.4917589073453283,0.18746567853992113,0.6526032061285288,0.6814883432071998,0.596449419441292,0.5155751635614837,0.6063795058683182
805.0,0.3093385214007782,0.7477148080438757,0.6095883003768436,0.4978309647451777,0.20756344047225062,0.6680834160873883,0.6983200733843865,0.6119928942267016,0.5178780367958257,0.6242231899397929
750.0,0.18287937743190663,0.7970749542961609,0.6177407681621176,0.4862462265618726,0.844121876539004,0.5425223435948361,0.7052880198281007,0.6837223704442298,0.7970609706122245,0.6756906988071593
750.0,0.18482490272373542,0.7989031078610603,0.636092139523663,0.516379785931361,0.8358768282461155,0.5601475386579656,0.7208468356569319,0.6859087795994473,0.7935434413819358,0.6163511623937975
750.0,0.18287937743190663,0.7970749542961609,0.6247618730710678,0.49713877584477256,0.8448278873428721,0.5485657540076606,0.7112611588928174,0.6834089623457323,0.7970609706122245,0.6544454141336388
710.0,0.17509727626459143,0.7276051188299818,0.5279721152326364,0.469059854219771,0.517705488443819,0.5197219463753724,0.6265268086508541,0.5921172225026808,0.7515486938546633,0.5558979055112369
710.0,0.17509727626459143,0.7257769652650823,0.5377051635068921,0.46896096985418595,0.5454616509027543,0.5238076322882679,0.6352931409734363,0.5909912342302283,0.7497834980738793,0.5753082978023637
710.0,0.7704280155642023,0.16636197440585013,0.5301599713831744,0.46519427392741924,0.5378392359237307,0.5180592991913746,0.6285024497073298,0.5882760986901617,0.022658620681734118,0.5719092862110341
700.0,0.2101167315175097,0.8080438756855576,0.6361087772130207,0.5370291692541211,0.41334131868936774,0.6461455525606469,0.7208608635549333,0.7058570421400375,0.7386627646549406,0.5566628906101746
700.0,0.2101167315175097,0.8062157221206582,0.6342370371602792,0.5402195234856653,0.3990253559869994,0.6475641935026245,0.7192818474725845,0.7050975755643752,0.7370740884522351,0.5445772724126877
700.0,0.8579766536964981,0.19744058500914077,0.6277317006214176,0.5366216362303973,0.3845476970170352,0.6444375088665059,0.7137800470823662,0.7062530100949825,0.023451886801843486,0.5434702254994522
880.0,0.8891050583657589,0.21389396709323585,0.7724629603440674,0.5460818148513367,0.6711073570706207,0.7166349836856292,0.8314804309045362,0.7626982708722224,0.02529909894215643,0.7606843197873298
880.0,0.2256809338521401,0.8372943327239488,0.7758154547496443,0.5442828717627766,0.6730564908162289,0.7192623067101717,0.8340988809227038,0.7638545257379042,0.7283194685266876,0.7720661854824938
880.0,0.2276264591439689,0.8409506398537477,0.7838680963987721,0.550424850648767,0.6640621566225882,0.7287501773301177,0.8403700195920035,0.7704702843218779,0.7270881237495146,0.7659738547287841
995.0,0.2607003891050584,0.9268738574040221,0.8964220649036263,0.7177486072624444,0.43254356207240674,0.8964732586182438,0.9254727782179909,0.8976063997336335,0.7260304752373112,0.4797508633436415
995.0,0.9805447470817121,0.24680073126142596,0.8982688484223311,0.7068560552427061,0.4315528357171008,0.8985728472123706,0.9268317242147558,0.894419033216752,0.02594290321617343,0.5069538080506938
995.0,0.2607003891050584,0.9250457038391224,0.892071309136587,0.713644297475929,0.4126062042053773,0.8981075329834018,0.9222667613919532,0.896234580979831,0.7246423115650442,0.48364402599732814
785.0,0.8735408560311284,0.19926873857404023,0.6455090717001222,0.547147609852253,0.6727121277433836,0.5997673428855157,0.7287644035107189,0.7150078781281265,0.02246862692354845,0.5444645669493368
785.0,0.2178988326848249,0.8299817184643511,0.6724371719255628,0.5394454152985042,0.7214010133167648,0.6145495815009221,0.7511645151616865,0.7267082439929277,0.7395952485130504,0.6117384871913379
785.0,0.21206225680933855,0.8244972577696527,0.656806062774002,0.5666273481060533,0.6877946554574663,0.60708753014612,0.738204658943956,0.7183587775665509,0.748379143419554,0.5105646605499153
895.0,0.24513618677042803,0.8281535648994516,0.7121679741117553,0.5964112956493091,0.5178412073300569,0.6957639381472549,0.7835916281087648,0.7564497625950063,0.6804594455921836,0.5197695134379409
895.0,0.2490272373540856,0.8281535648994516,0.7329983611875983,0.609032869437335,0.5496047552769818,0.7081288125975316,0.8003103235754906,0.7610780319846112,0.6728915698629319,0.5188230135538677
895.0,0.2490272373540856,0.8281535648994516,0.7416000465855301,0.5969876377592038,0.5769092689246866,0.7098368562916726,0.8071595608085366,0.7610780319846112,0.6728915698629319,0.5631698340025838
845.0,0.8443579766536966,0.23583180987202926,0.6666555748737615,0.5858853207005015,0.34036083401878026,0.6937381188821109,0.7463846086797546,0.6933520312537594,0.03670021910455251,0.47648107285376395
845.0,0.2509727626459144,0.7970749542961609,0.6717633455065761,0.5897219376987366,0.34518368268704025,0.6976762661370407,0.7506082506580606,0.6966210128706435,0.6449782918655446,0.47473901179749245
845.0,0.83852140077821,0.2340036563071298,0.6534286118343884,0.5726874106079944,0.33717589267715287,0.6812313803376365,0.7353888797566467,0.6850057989717245,0.03680583207239674,0.4893298462099068
705.0,0.1634241245136187,0.7385740402193784,0.545083978737033,0.43903717701648265,0.6197291279281978,0.517083274223294,0.6419005347270951,0.595711120386505,0.7943886376113807,0.6863495345842029
705.0,0.7879377431906616,0.15722120658135283,0.5490687053382026,0.4400210509890186,0.6290119510753431,0.5191034189246702,0.6454550531730717,0.600243815237984,0.01779344392163447,0.6913490641977563
705.0,0.16147859922178986,0.7385740402193784,0.5450507033583176,0.44345013396831606,0.623005720674517,0.5164590722088239,0.6418708118742708,0.5960803203673234,0.8000061651271508,0.6714504223509276
890.0,0.23346303501945526,0.8043875685557588,0.7142726418155045,0.5968767559247417,0.497758164994516,0.7025166690310682,0.7852894787094541,0.7044798761308081,0.6847470660256219,0.5217792749206845
890.0,0.23346303501945526,0.8043875685557588,0.7172175128318179,0.5935175939339783,0.5127069886142399,0.7018016739963115,0.78766184646935,0.7040041239751796,0.6847470660256219,0.5350201614047218
890.0,0.8482490272373542,0.21937842778793418,0.7062283190110556,0.5861530119130263,0.4994132803886169,0.6943963682791885,0.778789459677084,0.6952240676722864,0.03118897473199729,0.5373890639150457
1005.0,0.23929961089494162,0.8957952468007313,0.8982938049563678,0.6138243997678936,0.8087210302911774,0.7975712867073343,0.9268500805141285,0.8334848873799826,0.7463617339449751,0.7510858607412324
1005.0,0.9552529182879379,0.22486288848263256,0.9052400402632084,0.6197975727192235,0.8137974343350485,0.8024911334941126,0.9319511602307228,0.83886328983416,0.022209302504442086,0.7436918971256571
1005.0,0.2412451361867704,0.8793418647166362,0.8754003444001697,0.6132480587361469,0.7588227557763325,0.7892807490424174,0.9099225615922465,0.810079531568937,0.7290334415487459,0.7189096746173033
860.0,0.23540856031128404,0.8647166361974407,0.8273091033117321,0.5734035933680057,0.7808490326120316,0.7410129096325719,0.8737659600895388,0.7885147728084613,0.7296986797598819,0.7646607358471181
860.0,0.23540856031128404,0.8519195612431445,0.7946326814132052,0.5649562501062255,0.7185616540332198,0.7259412682650022,0.8487131389575794,0.7711919789610963,0.7193270112862604,0.7382499027842241
860.0,0.9182879377431907,0.2230347349177331,0.8268515668543952,0.5626798488586833,0.7837131021178467,0.7399460916442049,0.8734179459484134,0.7879046237275861,0.025125202229486762,0.7976962273164164
905.0,0.24513618677042803,0.8446069469835467,0.7648013043948456,0.6311845449081968,0.4941979643986554,0.7519704922684068,0.8254793139222129,0.7629716469931557,0.6934577054325016,0.5095850034156307
905.0,0.8891050583657589,0.22486288848263256,0.722799457611327,0.6022735902494252,0.4755351646803603,0.7160675273088382,0.792148181992591,0.7494965631762677,0.02854252105732083,0.5208158575078389
905.0,0.8968871595330741,0.23217550274223034,0.7625385786421981,0.6275866559113044,0.48059107684709446,0.7532132217335792,0.8237024376221825,0.761064873607551,0.029901553463299646,0.515296608890414
900.0,0.20622568093385213,0.7915904936014626,0.6720129108469415,0.5255193197522361,0.5537371020661181,0.6494197758547312,0.7508142996392589,0.6854213511938058,0.7333612272144514,0.6523035142386265
900.0,0.20817120622568092,0.7915904936014626,0.6683942134116414,0.5337978567476178,0.5250154881245761,0.6523251525039012,0.7478236935371779,0.6858838582852879,0.7288378229991026,0.6213277580225315
900.0,0.20817120622568092,0.7915904936014626,0.6693425617050304,0.531591377898496,0.5322622289979635,0.6516215065966804,0.7486080409362065,0.6858838582852879,0.7288378229991026,0.6294766232381183
